-0.0729367 0.902198 -0.9283969 -0.5523176 -1.1710644 -0.7670538 -0.0042985 -1.3531516 0.6418102 -0.0520983 -0.7836342 2.2279017 
0.8952134 -3.3201046 -0.566421 -0.4729696 0.220997 -0.5699158 -2.1318977 -0.7669445 -2.0213499 0.65839 0.6576269 -2.6301506 
-0.5729491 0.0681712 -1.5451554 -1.282057 -1.9360204 -0.71085 0.0443962 -1.454715 0.4782905 -1.632424 -1.2800169 1.44881 
-1.5917193 -1.7757281 -0.7262557 -0.2025145 0.0825708 -0.7617636 -2.0016291 -0.9733723 -1.1080538 -0.2523855 -2.208385 -0.8529932 
1.2300094 -1.7347111 -1.020443 -0.9226321 1.7752615 -0.6463396 -1.4022127 -0.8497 -1.3770754 1.1415745 2.0847619 -1.3328644 
-2.7813227 2.9186187 -0.9746786 0.2042272 -2.5378332 -1.1560075 2.5494549 -1.0681996 1.8684679 -2.1997674 -4.3617439 1.5865593 
0.492947 0.2982955 -1.2946438 -0.5569631 0.9509434 -0.947563 1.0559782 -1.0888938 -0.922399 1.174034 1.7558072 -3.4678426

 -0.6869859 -1.5714538 -1.2214051 -0.762682 -0.824848 -1.064383 -1.0926318 -1.1036457 -0.9158297 -0.8961596 -0.9898973 -0.946677


1.2024188 
-1.0473316 
0.0493222 
0.1718709 
0.7163053 
0.0133264 
-1.0564339 
0.1116306 
-1.0688938 
0.6547387 
1.3491817 
-1.3479341


0.3967578